5 5
0. 0. 2. 0. 4. 0. 6. 0. 8. 0.
0. 5.27 2.44 4.94 3.5 4.5 4.56 4.94 8. 5.27
0. 6. 2. 6. 3.5 6. 5. 6. 8. 6.
0. 6.73 2.44 7.06 3.5 7.5 4.56 7.06 8. 6.73
0. 11. 2. 11. 4. 11. 6. 11. 8. 11.
2 1. 1 1. 1 1. 3 1.
3 -1.5 1 1. 1 1. 3 1.5
3
0 10 20
1 1 2 2
12
1 1 2 1 3 1 2
1 2 4 1 2 1 2
1 4 5 1 3 1 2
2 1 2 3 5 1 2
2 2 4 4 5 1 2
2 4 5 3 5 1 2
3 1 2 1 3 2 3
3 2 4 1 2 2 3
3 4 5 1 3 2 3
4 1 2 3 5 2 3
4 2 4 4 5 2 3
4 4 5 3 5 2 3

NWx NWy
Points: x y
Divisions: Amount Coef
AreasAmount: Area left right bottom top 

4
0 10 90 100
2 1.5 10 1 2 -1.5